/*--------------------------------*- C++ -*----------------------------------*\
| =========                 |                                                 |
| \\      /  F ield         | OpenFOAM: The Open Source CFD Toolbox           |
|  \\    /   O peration     | Version:  v2012                                 |
|   \\  /    A nd           | Website:  www.openfoam.com                      |
|    \\/     M anipulation  |                                                 |
\*---------------------------------------------------------------------------*/
FoamFile
{
    version     2.0;
    format      ascii;
    class       volScalarField;
    location    "0";
    object      yPlus;
}
// * * * * * * * * * * * * * * * * * * * * * * * * * * * * * * * * * * * * * //

dimensions      [0 0 0 0 0 0 0];


internalField   uniform 0;

boundaryField
{
    frontback
    {
        type            empty;
    }
    topbottom
    {
        type            calculated;
        value           uniform 0;
    }
    outlet
    {
        type            calculated;
        value           uniform 0;
    }
    inlet
    {
        type            calculated;
        value           uniform 0;
    }
    walls
    {
        type            calculated;
        value           nonuniform List<scalar> 
516
(
8.03976
9.4208
8.41596
8.33175
7.83069
7.57756
8.58658
7.90619
8.39911
8.31928
8.41487
8.65977
7.40522
8.1834
7.67959
7.70638
7.686
7.70661
7.84823
7.46499
6.9304
8.47426
7.01923
7.30623
6.74854
6.1945
7.09563
6.83725
6.73649
7.169
6.22635
6.67756
6.6104
6.48929
8.21067
6.49898
6.53639
6.47533
6.82786
6.55677
6.88715
6.42111
6.57162
6.76504
6.76504
6.41318
6.96489
6.24238
6.18565
6.13153
6.86009
6.7062
6.76504
6.52898
6.94992
6.39816
7.1489
6.55327
7.98202
8.13006
7.49198
6.76504
6.76504
6.60062
6.35653
7.30134
6.02395
6.53384
7.23505
7.00056
5.92118
6.89816
7.52557
7.70585
6.40352
6.42587
7.32245
5.68221
6.45487
6.84592
6.3824
7.24247
6.51842
6.83523
6.78033
6.76504
5.16907
6.48425
6.26505
6.38152
6.94672
7.34471
6.87693
6.48408
7.0627
5.23814
6.89479
6.63942
6.46617
6.13886
6.76504
6.78942
6.25219
6.45159
6.33361
6.76504
5.82152
7.55406
6.67147
6.93198
6.40359
5.7988
6.76504
6.60316
6.77813
5.66397
7.40716
6.76504
6.33987
6.06249
6.58549
6.69723
6.72337
6.63095
6.51356
6.45428
6.94969
7.90848
6.87812
6.76504
6.11707
7.60916
7.4257
6.07745
6.27893
6.6422
6.66651
6.94272
7.21059
6.43844
6.22055
6.82344
6.01108
6.76504
6.56079
6.32343
6.10381
5.67713
6.79161
7.24064
6.76504
6.53474
6.63975
7.05176
6.74426
6.0316
7.12544
6.76504
6.51606
6.76504
6.76504
6.33315
7.09766
6.76504
6.76504
6.77794
6.13234
6.76504
7.23178
6.84033
5.91431
6.22019
6.76504
6.91475
6.39533
6.98058
7.00483
6.54096
6.76504
6.34542
6.48803
6.76504
6.52701
6.79442
6.88345
6.21972
6.51231
7.17539
7.6041
6.53657
6.5739
5.61414
6.85014
6.76504
6.01935
7.23317
6.60483
6.75149
7.18727
6.44576
7.54338
7.25044
6.75668
6.04078
6.31394
6.33938
6.37263
5.48671
6.6174
6.57285
6.65808
7.45853
6.42884
7.02698
6.52538
7.1668
6.66499
6.27097
6.67756
6.75771
7.40069
5.89036
6.42388
6.83594
6.82893
6.76504
6.55137
6.54717
6.18029
6.57305
6.65726
6.54055
6.76752
6.76504
6.29261
6.8426
6.8129
6.32706
6.76504
6.22497
7.29271
6.87755
6.44176
6.02779
6.1504
7.05563
6.56006
7.13684
6.73907
7.63672
6.9328
7.51694
7.24731
6.79568
6.76504
6.50631
7.19493
6.35353
6.85048
7.13941
6.76504
6.92975
6.36654
6.76136
6.30312
6.76504
7.31677
6.69035
6.48907
6.22246
7.24922
6.09856
6.65211
6.71428
7.28331
6.60523
6.43074
6.43761
6.76504
7.00394
6.65817
6.72949
7.5183
6.25267
6.31612
6.65628
6.93739
6.76504
7.22056
6.51622
7.13241
6.61022
6.3474
7.1135
6.7214
6.94471
6.96355
6.43149
6.76504
6.55563
6.12528
6.84744
6.76504
7.05054
6.76504
6.28194
6.72459
6.4608
6.67756
7.32941
6.13525
6.76504
6.78305
6.57611
7.09202
6.60661
6.35929
6.51695
7.28465
6.71725
5.97337
6.0895
6.67756
6.55369
6.71037
7.84273
6.40946
7.15059
6.51037
6.20296
6.67756
6.8848
6.76504
6.7213
5.23081
6.65354
6.99777
6.69645
6.49726
6.94535
6.72182
6.97976
6.86748
6.8998
6.72874
5.88346
6.90733
6.79688
6.73201
6.98792
6.64685
6.8064
6.75382
6.54541
7.05879
6.07407
7.25138
6.62857
6.94124
7.68388
7.25734
6.93186
6.54218
6.72925
6.87244
6.47486
6.50427
5.90033
6.97899
6.4932
6.63824
6.71345
6.45495
7.52181
6.24929
6.49728
6.91332
6.44922
6.3598
6.46128
5.65266
6.61422
6.26993
5.96725
6.44429
6.28712
6.04121
6.37068
5.64616
5.50923
6.96686
6.33797
6.30222
6.3372
7.24522
5.50786
5.89746
5.78458
6.06386
5.73121
6.67426
6.45038
6.14524
6.90797
5.49847
6.25214
5.64929
5.81243
6.10687
6.05931
6.44956
5.87388
6.15325
5.60495
6.1866
5.65717
6.32073
6.13542
6.90266
6.11475
5.80695
5.55453
5.71379
7.04092
5.67123
5.60694
5.40539
6.05017
6.26581
5.46097
6.04947
6.63931
6.1059
6.13272
6.21174
6.33529
6.286
6.43529
6.09253
5.41364
6.8346
5.38348
6.56564
6.41588
6.02262
6.58298
5.92935
5.98313
5.70445
6.41335
6.32216
5.64661
5.36334
5.10528
5.13951
5.74729
5.12669
5.96048
6.48835
6.47414
5.41409
5.45321
4.95201
5.83405
6.01548
5.41838
5.00003
5.84211
5.8096
5.71366
4.95532
5.32806
5.05706
5.32839
6.20324
4.9264
5.00902
5.72881
5.14994
5.17464
5.32083
5.01562
4.707
5.03159
4.68586
5.69339
4.72669
5.15837
4.78831
4.81198
5.50495
4.73528
4.87761
4.7527
4.83502
4.6235
4.73067
4.6733
4.61311
4.60609
4.81991
4.63756
4.52361
4.49072
4.79888
4.4317
4.50962
4.7816
4.45499
4.47752
4.2215
4.18675
4.22902
4.4374
3.99255
4.1399
)
;
    }
}


// ************************************************************************* //
